export const FuelStation = {
    x: 1179.032958984375,
    y: -337.9912109375,
    z: 69.18017578125
}